-2.999426797032356262e-02 -7.357025984674692154e-03 1.082941532135009766e+00 1.464346423745155334e-02 -3.786371089518070221e-03 2.932906150817871094e-02
-2.975308895111083984e-02 -7.385686971247196198e-03 1.083704352378845215e+00 7.235370576381683350e-03 -8.598295971751213074e-04 2.288460731506347656e-02
-2.919955179095268250e-02 -6.794712506234645844e-03 1.085177421569824219e+00 1.660611480474472046e-02 1.772923395037651062e-02 4.419207572937011719e-02
-2.858349122107028961e-02 -4.572147969156503677e-03 1.085931181907653809e+00 1.848181709647178650e-02 6.667693611234426498e-02 2.261281013488769531e-02
-2.801520749926567078e-02 -1.658296561799943447e-03 1.085924983024597168e+00 1.704851165413856506e-02 8.741554222069680691e-02 -1.859664916992187500e-04
-2.775228209793567657e-02 1.070894766598939896e-03 1.085556387901306152e+00 7.887762039899826050e-03 8.187573985196650028e-02 -1.105785369873046875e-02
-2.722095511853694916e-02 1.139524020254611969e-02 1.083582639694213867e+00 1.593980938196182251e-02 3.097303630784153938e-01 -5.921244621276855469e-02
-2.717603929340839386e-02 2.036421559751033783e-02 1.081576466560363770e+00 1.347474753856658936e-03 2.690692618489265442e-01 -6.018519401550292969e-02
-2.761700190603733063e-02 3.554538637399673462e-02 1.077745556831359863e+00 -1.322887837886810303e-02 4.554351232945919037e-01 -1.149272918701171875e-01
-2.854464016854763031e-02 4.933438077569007874e-02 1.074270486831665039e+00 -2.782914787530899048e-02 4.136698320508003235e-01 -1.042520999908447266e-01
-3.018597513437271118e-02 6.518458575010299683e-02 1.070339679718017578e+00 -4.924004897475242615e-02 4.755061492323875427e-01 -1.179242134094238281e-01
-3.354029357433319092e-02 8.955217152833938599e-02 1.064568758010864258e+00 -1.006295531988143921e-01 7.310275733470916748e-01 -1.731276512145996094e-01
-3.718762099742889404e-02 1.099447533488273621e-01 1.060204744338989258e+00 -1.094198226928710938e-01 6.117774546146392822e-01 -1.309204101562500000e-01
-4.182011261582374573e-02 1.320940405130386353e-01 1.055592894554138184e+00 -1.389747485518455505e-01 6.644786149263381958e-01 -1.383554935455322266e-01
-4.987064003944396973e-02 1.641732752323150635e-01 1.049536943435668945e+00 -2.415158227086067200e-01 9.623770415782928467e-01 -1.816785335540771484e-01
-5.738200619816780090e-02 1.897145956754684448e-01 1.044998168945312500e+00 -2.253409847617149353e-01 7.662396132946014404e-01 -1.361632347106933594e-01
-6.628626585006713867e-02 2.164286524057388306e-01 1.040536880493164062e+00 -2.671277895569801331e-01 8.014217019081115723e-01 -1.338386535644531250e-01
-7.658515125513076782e-02 2.439791262149810791e-01 1.036240577697753906e+00 -3.089665621519088745e-01 8.265142142772674561e-01 -1.288890838623046875e-01
-9.268605709075927734e-02 2.817872762680053711e-01 1.030986666679382324e+00 -4.830271750688552856e-01 1.134244501590728760e+00 -1.576173305511474609e-01
-1.065815836191177368e-01 3.105629682540893555e-01 1.027567267417907715e+00 -4.168657958507537842e-01 8.632707595825195312e-01 -1.025819778442382812e-01
-1.274108588695526123e-01 3.491775393486022949e-01 1.023333668708801270e+00 -6.248782575130462646e-01 1.158437132835388184e+00 -1.270079612731933594e-01
-1.447052806615829468e-01 3.778271973133087158e-01 1.020504593849182129e+00 -5.188326537609100342e-01 8.594897389411926270e-01 -8.487224578857421875e-02
-1.635765880346298218e-01 4.063253104686737061e-01 1.018065929412841797e+00 -5.661392211914062500e-01 8.549433946609497070e-01 -7.315993309020996094e-02
-1.908655315637588501e-01 4.432910084724426270e-01 1.015218019485473633e+00 -8.186683058738708496e-01 1.108970940113067627e+00 -8.543729782104492188e-02
-2.127865552902221680e-01 4.701584279537200928e-01 1.013285517692565918e+00 -6.576307117938995361e-01 8.060225844383239746e-01 -5.797505378723144531e-02
-2.361154854297637939e-01 4.962146282196044922e-01 1.011575818061828613e+00 -6.998679041862487793e-01 7.816860079765319824e-01 -5.129098892211914062e-02
-2.689799070358276367e-01 5.292040109634399414e-01 1.009158849716186523e+00 -9.859326481819152832e-01 9.896814823150634766e-01 -7.250905036926269531e-02
-2.947932481765747070e-01 5.525918602943420410e-01 1.007647156715393066e+00 -7.744002342224121094e-01 7.016354799270629883e-01 -4.535079002380371094e-02
-3.215025663375854492e-01 5.746232867240905762e-01 1.006244301795959473e+00 -8.012795448303222656e-01 6.609427928924560547e-01 -4.208564758300781250e-02
-3.587610423564910889e-01 6.018819808959960938e-01 1.004267692565917969e+00 -1.117754280567169189e+00 8.177608251571655273e-01 -5.929827690124511719e-02
-3.877222239971160889e-01 6.206767559051513672e-01 1.002738595008850098e+00 -8.688354492187500000e-01 5.638432502746582031e-01 -4.587292671203613281e-02
-4.174359142780303955e-01 6.379628777503967285e-01 1.001340627670288086e+00 -8.914107084274291992e-01 5.185836553573608398e-01 -4.193902015686035156e-02
-4.478671550750732422e-01 6.536708474159240723e-01 9.999220371246337891e-01 -9.129372239112854004e-01 4.712390899658203125e-01 -4.255771636962890625e-02
-4.894600808620452881e-01 6.721681952476501465e-01 9.981257319450378418e-01 -1.247787773609161377e+00 5.549204349517822266e-01 -5.388915538787841797e-02
-5.212370157241821289e-01 6.842824816703796387e-01 9.968058466911315918e-01 -9.533080458641052246e-01 3.634285926818847656e-01 -3.959655761718750000e-02
-5.534939765930175781e-01 6.947512030601501465e-01 9.952999353408813477e-01 -9.677088260650634766e-01 3.140616416931152344e-01 -4.517734050750732422e-02
-5.970146059989929199e-01 7.064863443374633789e-01 9.938989281654357910e-01 -1.305618882179260254e+00 3.520542383193969727e-01 -4.203021526336669922e-02
-6.301357746124267578e-01 7.135655879974365234e-01 9.927837252616882324e-01 -9.936350584030151367e-01 2.123773097991943359e-01 -3.345608711242675781e-02
-6.301357746124267578e-01 7.135655879974365234e-01 9.927837252616882324e-01 0.000000000000000000e+00 0.000000000000000000e+00 0.000000000000000000e+00
-6.412104368209838867e-01 7.155772447586059570e-01 9.924173355102539062e-01 -3.322398662567138672e-01 6.034970283508300781e-02 -1.099169254302978516e-02
-7.420007586479187012e-01 7.264458537101745605e-01 9.898040890693664551e-01 -3.023709654808044434e+00 3.260582685470581055e-01 -7.839739322662353516e-02
-7.759827971458435059e-01 7.272173762321472168e-01 9.890460371971130371e-01 -1.019461154937744141e+00 2.314567565917968750e-02 -2.274155616760253906e-02
-8.211175203323364258e-01 7.259100079536437988e-01 9.883991479873657227e-01 -1.354041695594787598e+00 -3.922104835510253906e-02 -1.940667629241943359e-02
-8.551999330520629883e-01 7.233590483665466309e-01 9.880327582359313965e-01 -1.022472381591796875e+00 -7.652878761291503906e-02 -1.099169254302978516e-02
-8.891610503196716309e-01 7.194738388061523438e-01 9.877233505249023438e-01 -1.018833518028259277e+00 -1.165562868118286133e-01 -9.282231330871582031e-03
-9.341632127761840820e-01 7.121554017066955566e-01 9.873706102371215820e-01 -1.350064873695373535e+00 -2.195531129837036133e-01 -1.058220863342285156e-02
-9.674079418182373047e-01 7.051584720611572266e-01 9.871028065681457520e-01 -9.973418712615966797e-01 -2.099078893661499023e-01 -8.034110069274902344e-03
-1.000456929206848145e+00 6.966974735260009766e-01 9.869870543479919434e-01 -9.914696216583251953e-01 -2.538299560546875000e-01 -3.472566604614257812e-03
-1.043537378311157227e+00 6.835604310035705566e-01 9.868193268775939941e-01 -1.292413473129272461e+00 -3.941112756729125977e-01 -5.031824111938476562e-03
-1.075325369834899902e+00 6.721565127372741699e-01 9.868339896202087402e-01 -9.536397457122802734e-01 -3.421175479888916016e-01 4.398822784423828125e-04
-1.106377601623535156e+00 6.595760583877563477e-01 9.867940545082092285e-01 -9.315669536590576172e-01 -3.774136304855346680e-01 -1.198053359985351562e-03
-1.146735429763793945e+00 6.409037113189697266e-01 9.868672490119934082e-01 -1.210734844207763672e+00 -5.601704120635986328e-01 2.195835113525390625e-03
-1.176022291183471680e+00 6.254892349243164062e-01 9.869289994239807129e-01 -8.786058425903320312e-01 -4.624342918395996094e-01 1.852512359619140625e-03
-1.213782548904418945e+00 6.033524870872497559e-01 9.870640635490417480e-01 -1.132807731628417969e+00 -6.641024351119995117e-01 4.051923751831054688e-03
-1.240993857383728027e+00 5.854732394218444824e-01 9.870807528495788574e-01 -8.163392543792724609e-01 -5.363774299621582031e-01 5.006790161132812500e-04
-1.267563104629516602e+00 5.665524005889892578e-01 9.873095154762268066e-01 -7.970774173736572266e-01 -5.676251649856567383e-01 6.862878799438476562e-03
-1.301190376281738281e+00 5.398363471031188965e-01 9.875268340110778809e-01 -1.008818149566650391e+00 -8.014816045761108398e-01 6.519556045532226562e-03
-1.325403571128845215e+00 5.186051726341247559e-01 9.878004789352416992e-01 -7.263958454132080078e-01 -6.369352340698242188e-01 8.209347724914550781e-03
-1.348355412483215332e+00 4.965268671512603760e-01 9.879620075225830078e-01 -6.885552406311035156e-01 -6.623491644859313965e-01 4.845857620239257812e-03
-1.370268702507019043e+00 4.735928475856781006e-01 9.881392717361450195e-01 -6.573987007141113281e-01 -6.880205869674682617e-01 5.317926406860351562e-03
-1.397820949554443359e+00 4.416941106319427490e-01 9.883594512939453125e-01 -8.265674114227294922e-01 -9.569621086120605469e-01 6.605386734008789062e-03
-1.417008996009826660e+00 4.167822301387786865e-01 9.884439110755920410e-01 -5.756413936614990234e-01 -7.473564147949218750e-01 2.533793449401855469e-03
-1.434851884841918945e+00 3.912293910980224609e-01 9.884790778160095215e-01 -5.352866649627685547e-01 -7.665851712226867676e-01 1.055002212524414062e-03
-1.456865787506103516e+00 3.560714423656463623e-01 9.883930683135986328e-01 -6.604170799255371094e-01 -1.054738461971282959e+00 -2.580285072326660156e-03
-1.471627593040466309e+00 3.289438486099243164e-01 9.881221652030944824e-01 -4.428541660308837891e-01 -8.138278126716613770e-01 -8.127093315124511719e-03
-1.489680767059326172e+00 2.917048633098602295e-01 9.879378676414489746e-01 -5.415952205657958984e-01 -1.117169559001922607e+00 -5.528926849365234375e-03
-1.501482844352722168e+00 2.632616162300109863e-01 9.877474308013916016e-01 -3.540623188018798828e-01 -8.532974123954772949e-01 -5.713105201721191406e-03
-1.511971950531005859e+00 2.343023419380187988e-01 9.872936010360717773e-01 -3.146731853485107422e-01 -8.687782287597656250e-01 -1.361489295959472656e-02
-1.523905038833618164e+00 1.949007511138916016e-01 9.869834780693054199e-01 -3.579926490783691406e-01 -1.182047724723815918e+00 -9.303689002990722656e-03
-1.531108975410461426e+00 1.649110764265060425e-01 9.865249395370483398e-01 -2.161180973052978516e-01 -8.996902406215667725e-01 -1.375615596771240234e-02
-1.537102222442626953e+00 1.346304565668106079e-01 9.862195253372192383e-01 -1.797974109649658203e-01 -9.084185957908630371e-01 -9.162425994873046875e-03
-1.541487574577331543e+00 1.040428280830383301e-01 9.856646656990051270e-01 -1.315605640411376953e-01 -9.176288545131683350e-01 -1.664578914642333984e-02
-1.545531511306762695e+00 6.293930113315582275e-02 9.853951334953308105e-01 -1.213181018829345703e-01 -1.233105808496475220e+00 -8.085966110229492188e-03
-1.546965241432189941e+00 3.199826180934906006e-02 9.851166605949401855e-01 -4.301190376281738281e-02 -9.282311797142028809e-01 -8.354187011718750000e-03
-1.546677589416503906e+00 -9.198118001222610474e-03 9.848223328590393066e-01 8.629560470581054688e-03 -1.235891394317150116e+00 -8.829832077026367188e-03
-1.544866919517517090e+00 -4.013119637966156006e-02 9.845892190933227539e-01 5.432009696960449219e-02 -9.279923513531684875e-01 -6.993412971496582031e-03
-1.541708707809448242e+00 -7.079495489597320557e-02 9.844883084297180176e-01 9.474635124206542969e-02 -9.199127554893493652e-01 -3.027319908142089844e-03
-1.537065744400024414e+00 -1.012106910347938538e-01 9.842314124107360840e-01 1.392889022827148438e-01 -9.124720841646194458e-01 -7.706880569458007812e-03
-1.528838872909545898e+00 -1.412949562072753906e-01 9.839043021202087402e-01 2.468061447143554688e-01 -1.202527955174446106e+00 -9.813308715820312500e-03
-1.521269321441650391e+00 -1.709713041782379150e-01 9.838672876358032227e-01 2.270865440368652344e-01 -8.902904391288757324e-01 -1.110434532165527344e-03
-1.508922815322875977e+00 -2.096923440694808960e-01 9.833270907402038574e-01 3.703951835632324219e-01 -1.161631196737289429e+00 -1.620590686798095703e-02
-1.498259186744689941e+00 -2.381496876478195190e-01 9.831939935684204102e-01 3.199088573455810547e-01 -8.537203073501586914e-01 -3.992915153503417969e-03
-1.486222863197326660e+00 -2.660530507564544678e-01 9.829058647155761719e-01 3.610897064208984375e-01 -8.371008932590484619e-01 -8.643865585327148438e-03
-1.468563437461853027e+00 -3.021984398365020752e-01 9.827399253845214844e-01 5.297827720642089844e-01 -1.084361672401428223e+00 -4.978179931640625000e-03
-1.453772068023681641e+00 -3.283827602863311768e-01 9.826399087905883789e-01 4.437410831451416016e-01 -7.855296134948730469e-01 -3.000497817993164062e-03
-1.437890410423278809e+00 -3.539564311504364014e-01 9.823384284973144531e-01 4.764497280120849609e-01 -7.672101259231567383e-01 -9.044408798217773438e-03
-1.420952439308166504e+00 -3.786445260047912598e-01 9.823409914970397949e-01 5.081391334533691406e-01 -7.406428456306457520e-01 7.688999176025390625e-05
-1.396718859672546387e+00 -4.101909995079040527e-01 9.821642041206359863e-01 7.270073890686035156e-01 -9.463942050933837891e-01 -5.303621292114257812e-03
-1.377402424812316895e+00 -4.328942894935607910e-01 9.819974899291992188e-01 5.794930458068847656e-01 -6.810986995697021484e-01 -5.001425743103027344e-03
-1.357038974761962891e+00 -4.545814096927642822e-01 9.820634722709655762e-01 6.109035015106201172e-01 -6.506136059761047363e-01 1.979470252990722656e-03
-1.328662753105163574e+00 -4.818648695945739746e-01 9.821397662162780762e-01 8.512866497039794922e-01 -8.185037970542907715e-01 2.288818359375000000e-03
-1.306336641311645508e+00 -5.011124610900878906e-01 9.822514653205871582e-01 6.697833538055419922e-01 -5.774277448654174805e-01 3.350973129272460938e-03
-1.283193945884704590e+00 -5.193027853965759277e-01 9.824712872505187988e-01 6.942808628082275391e-01 -5.457097291946411133e-01 6.594657897949218750e-03
-1.251334786415100098e+00 -5.415990352630615234e-01 9.828029274940490723e-01 9.557747840881347656e-01 -6.688874959945678711e-01 9.949207305908203125e-03
-1.226511478424072266e+00 -5.569895505905151367e-01 9.831194877624511719e-01 7.446992397308349609e-01 -4.617154598236083984e-01 9.496808052062988281e-03
-1.192597150802612305e+00 -5.754053592681884766e-01 9.836627840995788574e-01 1.017429828643798828e+00 -5.524742603302001953e-01 1.629889011383056641e-02
-1.166528224945068359e+00 -5.876731276512145996e-01 9.839333891868591309e-01 7.820677757263183594e-01 -3.680330514907836914e-01 8.118152618408203125e-03
-1.140093684196472168e+00 -5.986872315406799316e-01 9.843983054161071777e-01 7.930362224578857422e-01 -3.304231166839599609e-01 1.394748687744140625e-02
-1.104119777679443359e+00 -6.110838055610656738e-01 9.846317172050476074e-01 1.079217195510864258e+00 -3.718972206115722656e-01 7.002353668212890625e-03
-1.104119777679443359e+00 -6.110838055610656738e-01 9.846317172050476074e-01 0.000000000000000000e+00 0.000000000000000000e+00 0.000000000000000000e+00
-1.104119777679443359e+00 -6.110838055610656738e-01 9.846317172050476074e-01 0.000000000000000000e+00 0.000000000000000000e+00 0.000000000000000000e+00
-1.104119777679443359e+00 -6.110838055610656738e-01 9.846317172050476074e-01 0.000000000000000000e+00 0.000000000000000000e+00 0.000000000000000000e+00
-1.104119777679443359e+00 -6.110838055610656738e-01 9.846317172050476074e-01 0.000000000000000000e+00 0.000000000000000000e+00 0.000000000000000000e+00
-1.104119777679443359e+00 -6.110838055610656738e-01 9.846317172050476074e-01 0.000000000000000000e+00 0.000000000000000000e+00 0.000000000000000000e+00
-1.104119777679443359e+00 -6.110838055610656738e-01 9.846317172050476074e-01 0.000000000000000000e+00 0.000000000000000000e+00 0.000000000000000000e+00
-1.095046520233154297e+00 -6.137710213661193848e-01 9.847179055213928223e-01 2.721977233886718750e-01 -8.061647415161132812e-02 2.585649490356445312e-03
-1.095046520233154297e+00 -6.137710213661193848e-01 9.847179055213928223e-01 0.000000000000000000e+00 0.000000000000000000e+00 0.000000000000000000e+00
-1.095046520233154297e+00 -6.137710213661193848e-01 9.847179055213928223e-01 0.000000000000000000e+00 0.000000000000000000e+00 0.000000000000000000e+00
-1.095046520233154297e+00 -6.137710213661193848e-01 9.847179055213928223e-01 0.000000000000000000e+00 0.000000000000000000e+00 0.000000000000000000e+00
-1.095046520233154297e+00 -6.137710213661193848e-01 9.847179055213928223e-01 0.000000000000000000e+00 0.000000000000000000e+00 0.000000000000000000e+00
-1.095046520233154297e+00 -6.137710213661193848e-01 9.847179055213928223e-01 0.000000000000000000e+00 0.000000000000000000e+00 0.000000000000000000e+00
-6.535239219665527344e-01 -5.781311988830566406e-01 9.823281168937683105e-01 1.118354201316833496e+00 3.087240457534790039e-01 3.982186317443847656e-03
-5.999879240989685059e-01 -5.633503794670104980e-01 9.825284481048583984e-01 1.606079936027526855e+00 4.434245824813842773e-01 6.009936332702636719e-03
-5.578215122222900391e-01 -5.510070919990539551e-01 9.836018681526184082e-01 1.264992356300354004e+00 3.702986240386962891e-01 3.220260143280029297e-02
-5.148621797561645508e-01 -5.375021100044250488e-01 9.848327040672302246e-01 1.288779973983764648e+00 4.051494598388671875e-01 3.692507743835449219e-02
-4.584646224975585938e-01 -5.179569721221923828e-01 9.878444671630859375e-01 1.691926717758178711e+00 5.863541364669799805e-01 9.035289287567138672e-02
-4.178877770900726318e-01 -5.017556548118591309e-01 9.905137419700622559e-01 1.217305362224578857e+00 4.860395193099975586e-01 8.007824420928955078e-02
-4.050631821155548096e-01 -4.960286617279052734e-01 9.917403459548950195e-01 3.847378492355346680e-01 1.718097925186157227e-01 3.679811954498291016e-02
-3.350737988948822021e-01 -4.582870900630950928e-01 9.996030926704406738e-01 2.099681496620178223e+00 1.132247149944305420e+00 2.358824014663696289e-01
-3.049935102462768555e-01 -4.373987317085266113e-01 1.003196001052856445e+00 9.024086594581604004e-01 6.266507506370544434e-01 1.077872514724731445e-01
-2.782814204692840576e-01 -4.151588976383209229e-01 1.006584763526916504e+00 8.013626933097839355e-01 6.671950221061706543e-01 1.016628742218017578e-01
-2.548998892307281494e-01 -3.918196856975555420e-01 1.009656071662902832e+00 7.014459371566772461e-01 7.001763582229614258e-01 9.213924407958984375e-02
-2.279582917690277100e-01 -3.587868213653564453e-01 1.012106060981750488e+00 8.082479238510131836e-01 9.909859299659729004e-01 7.349967956542968750e-02
-2.115484178066253662e-01 -3.326840996742248535e-01 1.013460755348205566e+00 4.922962188720703125e-01 7.830816507339477539e-01 4.064083099365234375e-02
-1.940155327320098877e-01 -2.964919507503509521e-01 1.013371229171752930e+00 5.259865522384643555e-01 1.085764467716217041e+00 -2.685785293579101562e-03
-1.844928115606307983e-01 -2.684945762157440186e-01 1.012801527976989746e+00 2.856816351413726807e-01 8.399212360382080078e-01 -1.709103584289550781e-02
-1.777867823839187622e-01 -2.397744357585906982e-01 1.011276483535766602e+00 2.011808753013610840e-01 8.616042137145996094e-01 -4.575133323669433594e-02
-1.732987314462661743e-01 -2.003173679113388062e-01 1.008367657661437988e+00 1.346415281295776367e-01 1.183712035417556763e+00 -8.726477622985839844e-02
-1.731436848640441895e-01 -1.702215671539306641e-01 1.005811095237731934e+00 4.651397466659545898e-03 9.028740227222442627e-01 -7.669687271118164062e-02
-1.758746057748794556e-01 -1.395942419767379761e-01 1.003111958503723145e+00 -8.192762732505798340e-02 9.188197553157806396e-01 -8.097410202026367188e-02
-1.829546540975570679e-01 -9.817740321159362793e-02 9.986789226531982422e-01 -2.124014496803283691e-01 1.242505162954330444e+00 -1.329910755157470703e-01
-1.911151409149169922e-01 -6.694252043962478638e-02 9.953961968421936035e-01 -2.448146045207977295e-01 9.370464831590652466e-01 -9.848177433013916016e-02
-2.014843523502349854e-01 -3.559363633394241333e-02 9.922361373901367188e-01 -3.110763430595397949e-01 9.404665231704711914e-01 -9.480178356170654297e-02
-2.181092053651809692e-01 6.157340016216039658e-03 9.884512424468994141e-01 -4.987455904483795166e-01 1.252529290504753590e+00 -1.135468482971191406e-01
-2.325343638658523560e-01 3.729449957609176636e-02 9.859195947647094727e-01 -4.327547550201416016e-01 9.341147867962718010e-01 -7.594943046569824219e-02
-2.484010607004165649e-01 6.815709173679351807e-02 9.837565422058105469e-01 -4.760009050369262695e-01 9.258777648210525513e-01 -6.489157676696777344e-02
-2.714670300483703613e-01 1.086565479636192322e-01 9.814526438713073730e-01 -6.919790804386138916e-01 1.214983686804771423e+00 -6.911695003509521484e-02
-2.899453639984130859e-01 1.386344581842422485e-01 9.800518751144409180e-01 -5.543500185012817383e-01 8.993373066186904907e-01 -4.202306270599365234e-02
-3.092471957206726074e-01 1.679986864328384399e-01 9.791439771652221680e-01 -5.790549516677856445e-01 8.809268474578857422e-01 -2.723693847656250000e-02
-3.361946046352386475e-01 2.061784416437149048e-01 9.783224463462829590e-01 -8.084222674369812012e-01 1.145392656326293945e+00 -2.464592456817626953e-02
-3.570325374603271484e-01 2.340963929891586304e-01 9.778845906257629395e-01 -6.251379847526550293e-01 8.375385403633117676e-01 -1.313567161560058594e-02
-3.783472776412963867e-01 2.612923681735992432e-01 9.777370095252990723e-01 -6.394422054290771484e-01 8.158792555332183838e-01 -4.427433013916015625e-03
-4.073909223079681396e-01 2.962620258331298828e-01 9.778578281402587891e-01 -8.713093400001525879e-01 1.049089729785919189e+00 3.624558448791503906e-03
-4.296475946903228760e-01 3.216048479080200195e-01 9.780606031417846680e-01 -6.677001714706420898e-01 7.602846622467041016e-01 6.083250045776367188e-03
-4.521503150463104248e-01 3.460066616535186768e-01 9.785418510437011719e-01 -6.750816106796264648e-01 7.320544123649597168e-01 1.443743705749511719e-02
-4.748911261558532715e-01 3.694567680358886719e-01 9.791520237922668457e-01 -6.822243332862854004e-01 7.035031914710998535e-01 1.830518245697021484e-02
-5.055914521217346191e-01 3.991117477416992188e-01 9.802644252777099609e-01 -9.210097789764404297e-01 8.896493911743164062e-01 3.337204456329345703e-02
-5.287489891052246094e-01 4.202618896961212158e-01 9.812409281730651855e-01 -6.947261095046997070e-01 6.345042586326599121e-01 2.929508686065673828e-02
-5.600787997245788574e-01 4.467268288135528564e-01 9.827812314033508301e-01 -9.398943185806274414e-01 7.939481735229492188e-01 4.620909690856933594e-02
-5.837128162384033203e-01 4.653134346008300781e-01 9.839792251586914062e-01 -7.090204954147338867e-01 5.575981736183166504e-01 3.593981266021728516e-02
-6.077147722244262695e-01 4.827759861946105957e-01 9.852386713027954102e-01 -7.200586795806884766e-01 5.238765478134155273e-01 3.778338432312011719e-02
-6.318941712379455566e-01 4.990195631980895996e-01 9.863992333412170410e-01 -7.253819704055786133e-01 4.873073101043701172e-01 3.481686115264892578e-02
-6.645858287811279297e-01 5.186470150947570801e-01 9.879388213157653809e-01 -9.807497262954711914e-01 5.888235569000244141e-01 4.618763923645019531e-02
-6.895819902420043945e-01 5.320956707000732422e-01 9.889131188392639160e-01 -7.498848438262939453e-01 4.034596681594848633e-01 2.922892570495605469e-02
-7.233524322509765625e-01 5.479816198348999023e-01 9.900940060615539551e-01 -1.013113260269165039e+00 4.765784740447998047e-01 3.542661666870117188e-02
-7.492038607597351074e-01 5.584059953689575195e-01 9.908398985862731934e-01 -7.755428552627563477e-01 3.127312660217285156e-01 2.237677574157714844e-02
-7.753134965896606445e-01 5.676100254058837891e-01 9.914308786392211914e-01 -7.832890748977661133e-01 2.761209011077880859e-01 1.772940158843994141e-02
-8.018516898155212402e-01 5.753601193428039551e-01 9.919842481613159180e-01 -7.961457967758178711e-01 2.325028181076049805e-01 1.660108566284179688e-02
-8.376885056495666504e-01 5.836859941482543945e-01 9.925778508186340332e-01 -1.075104475021362305e+00 2.497762441635131836e-01 1.780807971954345703e-02
-8.651146292686462402e-01 5.885091423988342285e-01 9.929878115653991699e-01 -8.227837085723876953e-01 1.446944475173950195e-01 1.229882240295410156e-02
-8.833256363868713379e-01 5.908049345016479492e-01 9.931668639183044434e-01 -5.463302135467529297e-01 6.887376308441162109e-02 5.371570587158203125e-03
-9.298505187034606934e-01 5.940934419631958008e-01 9.937436580657958984e-01 -1.395746469497680664e+00 9.865522384643554688e-02 1.730382442474365234e-02
-9.579215645790100098e-01 5.941981077194213867e-01 9.939803481101989746e-01 -8.421313762664794922e-01 3.139972686767578125e-03 7.100701332092285156e-03
-9.955529570579528809e-01 5.923535227775573730e-01 9.941314458847045898e-01 -1.128941774368286133e+00 -5.533754825592041016e-02 4.532933235168457031e-03
-1.023922324180603027e+00 5.892261862754821777e-01 9.942619204521179199e-01 -8.510810136795043945e-01 -9.382009506225585938e-02 3.914237022399902344e-03
-1.052163720130920410e+00 5.849379301071166992e-01 9.944057464599609375e-01 -8.472418785095214844e-01 -1.286476850509643555e-01 4.314780235290527344e-03
-1.089787721633911133e+00 5.770028829574584961e-01 9.945849180221557617e-01 -1.128720045089721680e+00 -2.380514144897460938e-01 5.375146865844726562e-03
-1.117695450782775879e+00 5.695211887359619141e-01 9.948369264602661133e-01 -8.372318744659423828e-01 -2.244508266448974609e-01 7.560253143310546875e-03
-1.145461440086364746e+00 5.607214570045471191e-01 9.951970577239990234e-01 -8.329796791076660156e-01 -2.639919519424438477e-01 1.080393791198730469e-02
-1.181681990623474121e+00 5.470183491706848145e-01 9.955962896347045898e-01 -1.086616516113281250e+00 -4.110932350158691406e-01 1.197695732116699219e-02
-1.208446264266967773e+00 5.352335572242736816e-01 9.962243437767028809e-01 -8.029282093048095703e-01 -3.535437583923339844e-01 1.884162425994873047e-02
-1.234620451927185059e+00 5.223268866539001465e-01 9.967793822288513184e-01 -7.852256298065185547e-01 -3.872001171112060547e-01 1.665115356445312500e-02
-1.268689990043640137e+00 5.032653212547302246e-01 9.977322816848754883e-01 -1.022086143493652344e+00 -5.718469619750976562e-01 2.858698368072509766e-02
-1.293414235115051270e+00 4.876694679260253906e-01 9.984300136566162109e-01 -7.417273521423339844e-01 -4.678755998611450195e-01 2.093195915222167969e-02
-1.317400693893432617e+00 4.711365997791290283e-01 9.991135001182556152e-01 -7.195937633514404297e-01 -4.959860444068908691e-01 2.050459384918212891e-02
-1.347962260246276855e+00 4.474550783634185791e-01 1.000082612037658691e+00 -9.168469905853271484e-01 -7.104456424713134766e-01 2.907335758209228516e-02
-1.369914531707763672e+00 4.285688102245330811e-01 1.000781178474426270e+00 -6.585681438446044922e-01 -5.665880441665649414e-01 2.095699310302734375e-02
-1.390889525413513184e+00 4.087699949741363525e-01 1.001497387886047363e+00 -6.292498111724853516e-01 -5.939644575119018555e-01 2.148628234863281250e-02
-1.417246699333190918e+00 3.810073435306549072e-01 1.002285480499267578e+00 -7.907152175903320312e-01 -8.328795433044433594e-01 2.364277839660644531e-02
-1.436099410057067871e+00 3.591869175434112549e-01 1.002996921539306641e+00 -5.655813217163085938e-01 -6.546127796173095703e-01 2.134323120117187500e-02
-1.453538060188293457e+00 3.366767466068267822e-01 1.003504633903503418e+00 -5.231595039367675781e-01 -6.753051280975341797e-01 1.523137092590332031e-02
-1.475259900093078613e+00 3.054325580596923828e-01 1.004009842872619629e+00 -6.516551971435546875e-01 -9.373256564140319824e-01 1.515626907348632812e-02
-1.490044474601745605e+00 2.810922563076019287e-01 1.004268527030944824e+00 -4.435372352600097656e-01 -7.302090525627136230e-01 7.760524749755859375e-03
-1.504029273986816406e+00 2.560741603374481201e-01 1.004603385925292969e+00 -4.195439815521240234e-01 -7.505428791046142578e-01 1.004576683044433594e-02
-1.520668148994445801e+00 2.218592911958694458e-01 1.004801154136657715e+00 -4.991662502288818359e-01 -1.026446074247360229e+00 5.933046340942382812e-03
-1.531572937965393066e+00 1.954282671213150024e-01 1.004740118980407715e+00 -3.271436691284179688e-01 -7.929307222366333008e-01 -1.831054687500000000e-03
-1.541517972946166992e+00 1.684718132019042969e-01 1.004797816276550293e+00 -2.983510494232177734e-01 -8.086936175823211670e-01 1.730918884277343750e-03
-1.552794098854064941e+00 1.319013684988021851e-01 1.004788160324096680e+00 -3.382837772369384766e-01 -1.097113341093063354e+00 -2.896785736083984375e-04
-1.559687852859497070e+00 1.038435921072959900e-01 1.004692912101745605e+00 -2.068126201629638672e-01 -8.417332917451858521e-01 -2.857446670532226562e-03
-1.565369844436645508e+00 7.557420432567596436e-02 1.004556298255920410e+00 -1.704597473144531250e-01 -8.480816334486007690e-01 -4.098415374755859375e-03
-1.569577932357788086e+00 4.691868275403976440e-02 1.004498004913330078e+00 -1.262426376342773438e-01 -8.596656471490859985e-01 -1.748800277709960938e-03
-1.573127269744873047e+00 8.499199524521827698e-03 1.004171729087829590e+00 -1.064801216125488281e-01 -1.152584496885538101e+00 -9.788274765014648438e-03
-1.574229478836059570e+00 -2.061774395406246185e-02 1.004062294960021973e+00 -3.306627273559570312e-02 -8.735083043575286865e-01 -3.283023834228515625e-03
-1.574089646339416504e+00 -4.971728101372718811e-02 1.004067301750183105e+00 4.194974899291992188e-03 -8.729861117899417877e-01 1.502037048339843750e-04
-1.572428941726684570e+00 -7.883909344673156738e-02 1.003777623176574707e+00 4.982113838195800781e-02 -8.736543729901313782e-01 -8.690357208251953125e-03
-1.568126797676086426e+00 -1.174477413296699524e-01 1.003685116767883301e+00 1.290643215179443359e-01 -1.158259436488151550e+00 -2.775192260742187500e-03
-1.566649794578552246e+00 -1.270948797464370728e-01 1.003699779510498047e+00 4.431009292602539062e-02 -2.894141525030136108e-01 4.398822784423828125e-04
-1.554552793502807617e+00 -1.843225806951522827e-01 1.003462314605712891e+00 3.629100322723388672e-01 -1.716831028461456299e+00 -7.123947143554687500e-03
-1.546518087387084961e+00 -2.125272154808044434e-01 1.003450632095336914e+00 2.410411834716796875e-01 -8.461390435695648193e-01 -3.504753112792968750e-04
-1.537047386169433594e+00 -2.404065877199172974e-01 1.003314614295959473e+00 2.841210365295410156e-01 -8.363811671733856201e-01 -4.080533981323242188e-03
-1.522589445114135742e+00 -2.769569456577301025e-01 1.003427982330322266e+00 4.337382316589355469e-01 -1.096510738134384155e+00 3.401041030883789062e-03
-1.510288000106811523e+00 -3.037082552909851074e-01 1.003542304039001465e+00 3.690433502197265625e-01 -8.025392889976501465e-01 3.429651260375976562e-03
-1.496730327606201172e+00 -3.299589753150939941e-01 1.003626823425292969e+00 4.067301750183105469e-01 -7.875216007232666016e-01 2.535581588745117188e-03
-1.476751685142517090e+00 -3.639863729476928711e-01 1.003895163536071777e+00 5.993592739105224609e-01 -1.020821928977966309e+00 8.050203323364257812e-03
-1.460572719573974609e+00 -3.884978294372558594e-01 1.004206895828247070e+00 4.853689670562744141e-01 -7.353436946868896484e-01 9.351968765258789062e-03
-1.443387985229492188e+00 -4.122812747955322266e-01 1.004709482192993164e+00 5.155420303344726562e-01 -7.135033607482910156e-01 1.507759094238281250e-02
-1.418670415878295898e+00 -4.425581991672515869e-01 1.005114793777465820e+00 7.415270805358886719e-01 -9.083077311515808105e-01 1.215934753417968750e-02
-1.399082183837890625e+00 -4.641062319278717041e-01 1.005528807640075684e+00 5.876469612121582031e-01 -6.464409828186035156e-01 1.242041587829589844e-02
-1.371312856674194336e+00 -4.913769960403442383e-01 1.005931854248046875e+00 8.330798149108886719e-01 -8.181229233741760254e-01 1.209139823913574219e-02
-1.349714994430541992e+00 -5.103725790977478027e-01 1.006298899650573730e+00 6.479358673095703125e-01 -5.698674917221069336e-01 1.101136207580566406e-02
-1.327103257179260254e+00 -5.284999608993530273e-01 1.006453156471252441e+00 6.783521175384521484e-01 -5.438214540481567383e-01 4.627704620361328125e-03
-1.303751468658447266e+00 -5.454878807067871094e-01 1.006636857986450195e+00 7.005536556243896484e-01 -5.096375942230224609e-01 5.511045455932617188e-03
-1.271527171134948730e+00 -5.662287473678588867e-01 1.006855607032775879e+00 9.667289257049560547e-01 -6.222259998321533203e-01 6.562471389770507812e-03
-1.246471047401428223e+00 -5.803229212760925293e-01 1.006973624229431152e+00 7.516837120056152344e-01 -4.228252172470092773e-01 3.540515899658203125e-03
-1.221012830734252930e+00 -5.931466817855834961e-01 1.007181763648986816e+00 7.637465000152587891e-01 -3.847128152847290039e-01 6.244182586669921875e-03
-1.186189413070678711e+00 -6.081780195236206055e-01 1.007570862770080566e+00 1.044702529907226562e+00 -4.509401321411132812e-01 1.167297363281250000e-02
-1.159432649612426758e+00 -6.178548932075500488e-01 1.007773399353027344e+00 8.027029037475585938e-01 -2.903062105178833008e-01 6.076097488403320312e-03
-1.132296562194824219e+00 -6.261144876480102539e-01 1.008028030395507812e+00 8.140826225280761719e-01 -2.477878332138061523e-01 7.638931274414062500e-03
-1.095655918121337891e+00 -6.348572373390197754e-01 1.008627772331237793e+00 1.099219322204589844e+00 -2.622824907302856445e-01 1.799225807189941406e-02
-1.067817330360412598e+00 -6.397415995597839355e-01 1.008950114250183105e+00 8.351576328277587891e-01 -1.465308666229248047e-01 9.670257568359375000e-03
-1.039765715599060059e+00 -6.431722044944763184e-01 1.009133458137512207e+00 8.415484428405761719e-01 -1.029181480407714844e-01 5.500316619873046875e-03
-1.002108454704284668e+00 -6.455191373825073242e-01 1.009352326393127441e+00 1.129717826843261719e+00 -7.040798664093017578e-02 6.566047668457031250e-03
-9.739219546318054199e-01 -6.456202864646911621e-01 1.009435296058654785e+00 8.455950021743774414e-01 -3.034472465515136719e-03 2.489089965820312500e-03
-9.454705715179443359e-01 -6.442120075225830078e-01 1.009342432022094727e+00 8.535414934158325195e-01 4.224836826324462891e-02 -2.785921096801757812e-03
-9.077199101448059082e-01 -6.401606798171997070e-01 1.009063839912414551e+00 1.132519841194152832e+00 1.215398311614990234e-01 -8.357763290405273438e-03
-8.796348571777343750e-01 -6.354249119758605957e-01 1.008743166923522949e+00 8.425515890121459961e-01 1.420730352401733398e-01 -9.620189666748046875e-03
-8.424910902976989746e-01 -6.269864439964294434e-01 1.008352994918823242e+00 1.114313006401062012e+00 2.531540393829345703e-01 -1.170516014099121094e-02
-8.148723244667053223e-01 -6.189863681793212891e-01 1.007726430892944336e+00 8.285629749298095703e-01 2.400022745132446289e-01 -1.879692077636718750e-02
-7.877137064933776855e-01 -6.095771789550781250e-01 1.007504820823669434e+00 8.147585391998291016e-01 2.822756767272949219e-01 -6.648302078247070312e-03
-7.608792781829833984e-01 -5.988203287124633789e-01 1.007142305374145508e+00 8.050328493118286133e-01 3.227055072784423828e-01 -1.087546348571777344e-02
-7.259898185729980469e-01 -5.822320580482482910e-01 1.006613492965698242e+00 1.046683788299560547e+00 4.976481199264526367e-01 -1.586437225341796875e-02
-7.003405094146728516e-01 -5.684161782264709473e-01 1.006275773048400879e+00 7.694792747497558594e-01 4.144763946533203125e-01 -1.013159751892089844e-02
-6.754558086395263672e-01 -5.531706809997558594e-01 1.005943179130554199e+00 7.465410232543945312e-01 4.573649168014526367e-01 -9.977817535400390625e-03
-6.431881785392761230e-01 -5.308830738067626953e-01 1.005627393722534180e+00 9.680289030075073242e-01 6.686282157897949219e-01 -9.473562240600585938e-03
-6.198964715003967285e-01 -5.128639936447143555e-01 1.005353689193725586e+00 6.987512111663818359e-01 5.405724048614501953e-01 -8.211135864257812500e-03
-5.974268317222595215e-01 -4.936347603797912598e-01 1.005149483680725098e+00 6.740891933441162109e-01 5.768769979476928711e-01 -6.126165390014648438e-03
-5.686696171760559082e-01 -4.662066698074340820e-01 1.005016565322875977e+00 8.627164363861083984e-01 8.228427171707153320e-01 -3.987550735473632812e-03
-5.483375787734985352e-01 -4.443873465061187744e-01 1.004907965660095215e+00 6.099611520767211914e-01 6.545796990394592285e-01 -3.257989883422851562e-03
-5.289108753204345703e-01 -4.217211902141571045e-01 1.004860520362854004e+00 5.828011035919189453e-01 6.799846887588500977e-01 -1.423358917236328125e-03
-5.103911757469177246e-01 -3.979924023151397705e-01 1.004670619964599609e+00 5.555909872055053711e-01 7.118636369705200195e-01 -5.697011947631835938e-03
-4.874924421310424805e-01 -3.650661408901214600e-01 1.004495501518249512e+00 6.869620084762573242e-01 9.877878427505493164e-01 -5.253553390502929688e-03
-4.664638340473175049e-01 -3.306928873062133789e-01 1.004284977912902832e+00 6.308582425117492676e-01 1.031197607517242432e+00 -6.315708160400390625e-03
-4.521106481552124023e-01 -3.040533065795898438e-01 1.004108309745788574e+00 4.305955767631530762e-01 7.991874217987060547e-01 -5.300045013427734375e-03
-4.389212727546691895e-01 -2.766684889793395996e-01 1.003863453865051270e+00 3.956812620162963867e-01 8.215445280075073242e-01 -7.345676422119140625e-03
-4.269433021545410156e-01 -2.487364858388900757e-01 1.003638029098510742e+00 3.593391180038452148e-01 8.379600942134857178e-01 -6.762742996215820312e-03
-4.128433763980865479e-01 -2.106331586837768555e-01 1.003170013427734375e+00 4.229977726936340332e-01 1.143099814653396606e+00 -1.404047012329101562e-02
-4.037363231182098389e-01 -1.814655512571334839e-01 1.002775073051452637e+00 2.732115983963012695e-01 8.750282227993011475e-01 -1.184821128845214844e-02
-3.936703801155090332e-01 -1.420167237520217896e-01 1.002264499664306641e+00 3.019782900810241699e-01 1.183464825153350830e+00 -1.531720161437988281e-02
-3.875275254249572754e-01 -1.120253652334213257e-01 1.001857399940490723e+00 1.842856407165527344e-01 8.997407555580139160e-01 -1.221299171447753906e-02
-3.827893733978271484e-01 -8.185141533613204956e-02 1.001417517662048340e+00 1.421445608139038086e-01 9.052184969186782837e-01 -1.319646835327148438e-02
-3.786982297897338867e-01 -4.132024198770523071e-02 1.001007914543151855e+00 1.227343082427978516e-01 1.215935200452804565e+00 -1.228809356689453125e-02
-3.773655891418457031e-01 -1.087673753499984741e-02 1.000906229019165039e+00 3.997921943664550781e-02 9.133051335811614990e-01 -3.050565719604492188e-03
-3.772041797637939453e-01 1.965820603072643280e-02 1.000333070755004883e+00 4.842281341552734375e-03 9.160483069717884064e-01 -1.719474792480468750e-02
-3.794998228549957275e-01 6.013940647244453430e-02 9.998611211776733398e-01 -6.886929273605346680e-02 1.214436013251543045e+00 -1.415848731994628906e-02
-3.828143179416656494e-01 9.039485454559326172e-02 9.992995858192443848e-01 -9.943485260009765625e-02 9.076634421944618225e-01 -1.684606075286865234e-02
-3.875837624073028564e-01 1.203650459647178650e-01 9.985064268112182617e-01 -1.430833339691162109e-01 8.991057425737380981e-01 -2.379477024078369141e-02
-3.961448073387145996e-01 1.599033027887344360e-01 9.972808361053466797e-01 -2.568313479423522949e-01 1.186147704720497131e+00 -3.676772117614746094e-02
-4.041850864887237549e-01 1.891442537307739258e-01 9.964320063591003418e-01 -2.412083745002746582e-01 8.772285282611846924e-01 -2.546489238739013672e-02
-4.134496748447418213e-01 2.178885638713836670e-01 9.953593611717224121e-01 -2.779376506805419922e-01 8.623293042182922363e-01 -3.217935562133789062e-02
-4.280801713466644287e-01 2.554110288619995117e-01 9.939642548561096191e-01 -4.389148950576782227e-01 1.125673949718475342e+00 -4.185318946838378906e-02
-4.405635297298431396e-01 2.828894555568695068e-01 9.929764270782470703e-01 -3.745007514953613281e-01 8.243528008460998535e-01 -2.963483333587646484e-02
-4.543038904666900635e-01 3.096803426742553711e-01 9.921765923500061035e-01 -4.122108221054077148e-01 8.037266135215759277e-01 -2.399504184722900391e-02
-4.693358242511749268e-01 3.357975184917449951e-01 9.913425445556640625e-01 -4.509580135345458984e-01 7.835152745246887207e-01 -2.502143383026123047e-02
-4.913266897201538086e-01 3.695029020309448242e-01 9.904308319091796875e-01 -6.597259640693664551e-01 1.011161506175994873e+00 -2.735137939453125000e-02
-5.092104673385620117e-01 3.938044607639312744e-01 9.898822903633117676e-01 -5.365133285522460938e-01 7.290467619895935059e-01 -1.645624637603759766e-02
-5.284590125083923340e-01 4.172833859920501709e-01 9.894144535064697266e-01 -5.774563550949096680e-01 7.043677568435668945e-01 -1.403510570526123047e-02
-5.557969212532043457e-01 4.471617043018341064e-01 9.890159368515014648e-01 -8.201372623443603516e-01 8.963495492935180664e-01 -1.195549964904785156e-02
-5.775802135467529297e-01 4.684227108955383301e-01 9.886960983276367188e-01 -6.534987688064575195e-01 6.378301978111267090e-01 -9.595155715942382812e-03
-6.004825830459594727e-01 4.885640144348144531e-01 9.886690378189086914e-01 -6.870710849761962891e-01 6.042391061782836914e-01 -8.118152618408203125e-04
-6.323580741882324219e-01 5.137359499931335449e-01 9.887196421623229980e-01 -9.562647342681884766e-01 7.551580667495727539e-01 1.518130302429199219e-03
-6.572118997573852539e-01 5.312020182609558105e-01 9.888112545013427734e-01 -7.456147670745849609e-01 5.239820480346679688e-01 2.748370170593261719e-03
-6.829608082771301270e-01 5.476178526878356934e-01 9.892104268074035645e-01 -7.724672555923461914e-01 4.924750328063964844e-01 1.197516918182373047e-02
-7.184146046638488770e-01 5.675939917564392090e-01 9.898925423622131348e-01 -1.063613891601562500e+00 5.992841720581054688e-01 2.046346664428710938e-02
-7.458745241165161133e-01 5.810480713844299316e-01 9.906270503997802734e-01 -8.237975835800170898e-01 4.036223888397216797e-01 2.203524112701416016e-02
-7.552047371864318848e-01 5.852866768836975098e-01 9.910005927085876465e-01 -2.799063920974731445e-01 1.271581649780273438e-01 1.120626926422119141e-02
-7.646073698997497559e-01 5.893335342407226562e-01 9.912458062171936035e-01 -2.820789813995361328e-01 1.214057207107543945e-01 7.356405258178710938e-03
-8.220942020416259766e-01 6.106114983558654785e-01 9.935010671615600586e-01 -1.724604964256286621e+00 6.383389234542846680e-01 6.765782833099365234e-02
-8.813270926475524902e-01 6.266000866889953613e-01 9.959211349487304688e-01 -1.776986718177795410e+00 4.796576499938964844e-01 7.260203361511230469e-02
-9.114608168601989746e-01 6.326057910919189453e-01 9.969924092292785645e-01 -9.040117263793945312e-01 1.801711320877075195e-01 3.213822841644287109e-02
-9.416999220848083496e-01 6.371837258338928223e-01 9.983035922050476074e-01 -9.071731567382812500e-01 1.373380422592163086e-01 3.933548927307128906e-02
-9.822281599044799805e-01 6.412072777748107910e-01 9.999503493309020996e-01 -1.215847134590148926e+00 1.207065582275390625e-01 4.940271377563476562e-02
-1.012606739997863770e+00 6.426426768302917480e-01 1.001426458358764648e+00 -9.113574028015136719e-01 4.306197166442871094e-02 4.428327083587646484e-02
-1.042789936065673828e+00 6.426778435707092285e-01 1.002723693847656250e+00 -9.054958820343017578e-01 1.055002212524414062e-03 3.891706466674804688e-02
-1.082777738571166992e+00 6.406736969947814941e-01 1.004515767097473145e+00 -1.199634075164794922e+00 -6.012439727783203125e-02 5.376219749450683594e-02
-1.112401843070983887e+00 6.375452876091003418e-01 1.005793571472167969e+00 -8.887231349945068359e-01 -9.385228157043457031e-02 3.833413124084472656e-02
-1.141610264778137207e+00 6.331469416618347168e-01 1.006965517997741699e+00 -8.762526512145996094e-01 -1.319503784179687500e-01 3.515839576721191406e-02
-1.179914712905883789e+00 6.252439022064208984e-01 1.008525729179382324e+00 -1.149133443832397461e+00 -2.370911836624145508e-01 4.680633544921875000e-02
-1.208087801933288574e+00 6.177965998649597168e-01 1.009612083435058594e+00 -8.451926708221435547e-01 -2.234190702438354492e-01 3.259062767028808594e-02
-1.235911846160888672e+00 6.091286540031433105e-01 1.010689020156860352e+00 -8.347213268280029297e-01 -2.600383758544921875e-01 3.230810165405273438e-02
-1.262909293174743652e+00 5.992149114608764648e-01 1.011581301689147949e+00 -8.099234104156494141e-01 -2.974122762680053711e-01 2.676844596862792969e-02
-1.297827124595642090e+00 5.840812325477600098e-01 1.012503147125244141e+00 -1.047534942626953125e+00 -4.540103673934936523e-01 2.765536308288574219e-02
-1.323431730270385742e+00 5.712119340896606445e-01 1.013266682624816895e+00 -7.681381702423095703e-01 -3.860789537429809570e-01 2.290606498718261719e-02
-1.356423616409301758e+00 5.522171854972839355e-01 1.014038681983947754e+00 -9.897565841674804688e-01 -5.698424577713012695e-01 2.315998077392578125e-02
-1.380385756492614746e+00 5.364149212837219238e-01 1.014621138572692871e+00 -7.188642024993896484e-01 -4.740679264068603516e-01 1.747369766235351562e-02
-1.403574943542480469e+00 5.195282101631164551e-01 1.015060663223266602e+00 -6.956756114959716797e-01 -5.066013336181640625e-01 1.318573951721191406e-02
-1.433516740798950195e+00 4.951559007167816162e-01 1.015498518943786621e+00 -8.982539176940917969e-01 -7.311692833900451660e-01 1.313567161560058594e-02
-1.454991936683654785e+00 4.755335152149200439e-01 1.015715599060058594e+00 -6.442558765411376953e-01 -5.886715650558471680e-01 6.512403488159179688e-03
-1.475736141204833984e+00 4.547852873802185059e-01 1.015967011451721191e+00 -6.223261356353759766e-01 -6.224468350410461426e-01 7.542371749877929688e-03
-1.502204775810241699e+00 4.255018532276153564e-01 1.016289234161376953e+00 -7.940590381622314453e-01 -8.785030245780944824e-01 9.666681289672851562e-03